Taiwan 20 4
00 起點 00
01 台北 1 5000 500 1000 3000 5000 B
02 土城 1 3000 200 500 1000 3000 B
03 新北 1 4000 200 600 1200 3200 B
04 林口 1 2000 400 1000 3000 5000 B
05 中壢 1 2000 500 1000 3000 5000 B
06 命運 -1
07 竹北 1 2000 300 1000 3000 5000
08 新竹 1 2000 900 1000 3000 5000
09 苗栗 1 2000 500 1000 3000 5000
10 豐原 1 2000 500 1000 3000 5000
11 台中 1 2000 500 1000 3000 5000
12 彰化 1 2000 500 1000 3000 5000
13 南投 1 2000 500 1000 3000 5000
14 雲林 1 2000 500 1000 3000 5000
15 虎尾 1 2000 500 1000 3000 5000
16 機會 -2
17 嘉義 1 2000 500 1000 3000 5000
18 台南 1 2000 500 1000 3000 5000
19 左營 1 2000 500 1000 3000 5000
20 高雄 1 2000 500 1000 3000 5000
21 屏東 1 2000 500 1000 3000 5000
22 墾丁 1 2000 500 1000 3000 5000
23 台東 1 2000 500 1000 3000 5000
24 花蓮 1 2000 500 1000 3000 5000
25 羅東 1 2000 500 1000 3000 5000
26 宜蘭 1 2000 500 1000 3000 5000
27 基隆 1 2000 500 1000 3000 5000
playerstate 0
0 00 30000
1 00 30000
2 00 30000
3 00 30000
